{"ind": ["1","2","3","4","5","6","7","8","9","10","11","12","13","14","15","16","17","18","19","20","21","22","23","24","25","26","27","28","29","30","31","32","33","34","35","36","37","38","39","40","41","42","43","44","45","46","47","48","49","50","51","52","53","54","55","56","57","58","59","60","61","62","63","64","65","66","67","68","69","70","71","72","73","74","75","76","77","78","79","80","81","82","83","84","85","86","87","88","89","90","91","92","93","94","95","96","97","98","99","100","101","102","103","104","105","106","107","108","109","110","111","112","113","114","115","116","117","118","119","120","121","122","123","124","125","126","127","128","129","130","131","132","133","134","135","136","137","138","139","140","141","142","143","144","145","146","147","148","149","150","151","152","153","154","155","156","157","158","159","160","161","162","163","164","165","166","167","168","169","170","171","172","173","174","175","176","177","178","179","180","181","182","183","184","185","186","187","188","189","190","191","192","193","194","195","196","197","198","199","200","201","202","203","204","205","206","207","208","209","210","211","212","213","214","215","216","217","218","219","220","221","222","223","224","225","226","227","228","229","230","231","232","233","234","235","236","237","238","239","240","241","242","243","244","245","246","247","248","249","250","251","252","253","254","255","256","257","258","259","260","261","262","263","264","265","266","267","268","269","270","271","272","273","274","275","276","277","278","279","280","281","282","283","284","285","286","287","288","289","290","291","292","293","294","295","296","297","298","299","300","301","302","303","304","305","306","307","308","309","310","311","312","313","314","315","316","317","318","319","320","321","322","323","324","325","326","327","328","329","330","331","332","333","334","335","336","337","338","339","340","341","342","343","344","345","346","347","348","349","350","351","352","353","354","355","356","357","358","359","360","361","362","363","364","365","366","367","368","369","370","371","372","373","374","375","376","377","378","379","380","381","382","383","384","385","386","387","388","389","390","391","392","393","394","395","396","397","398","399","400","401","402","403","404","405","406","407","408","409","410","411","412","413","414","415","416","417","418","419","420","421","422","423","424","425","426","427","428","429","430","431","432","433","434","435","436","437","438","439","440","441","442","443","444","445","446","447","448","449","450","451","452","453","454","455","456","457","458","459","460","461","462","463","464","465","466","467","468","469","470","471","472","473","474","475","476","477","478","479","480","481","482","483","484","485","486","487","488","489","490","491","492","493","494","495","496","497","498","499","500","501","502","503","504","505","506","507","508","509","510","511","512","513","514","515","516","517","518","519","520","521","522","523","524","525","526","527","528","529","530","531","532","533","534","535","536","537","538","539","540","541","542","543","544","545","546","547","548","549","550","551","552","553","554","555","556","557","558","559","560","561","562","563","564","565","566","567","568","569","570","571","572","573","574","575","576","577","578","579","580","581","582","583","584","585","586","587","588","589","590","591","592","593","594","595","596","597","598","599","600","601","602","603","604","605","606","607","608","609","610","611","612","613","614","615","616","617","618","619","620","621","622","623","624","625","626","627","628","629","630","631","632","633","634","635","636","637","638","639","640","641","642","643","644","645","646","647","648","649","650","651","652","653","654","655","656","657","658","659","660","661","662","663","664","665","666","667","668","669","670","671","672","673","674","675","676","677","678","679","680","681","682","683","684","685","686","687","688","689","690","691","692","693","694","695","696","697","698","699","700","701","702","703","704","705","706","707","708","709","710","711","712","713","714","715","716","717","718","719","720","721","722","723","724","725","726","727","728","729","730","731","732","733","734","735","736","737","738","739","740","741","742","743","744","745","746","747","748","749","750","751","752","753","754","755","756","757","758","759","760","761","762","763","764","765","766","767","768","769","770","771","772","773","774","775","776","777","778","779","780","781","782","783","784","785","786","787","788","789","790","791","792","793","794","795","796","797","798","799","800","801","802","803","804","805","806","807","808","809","810","811","812","813","814","815","816","817","818","819","820","821","822","823","824","825","826","827","828","829","830","831","832","833","834","835","836","837","838","839","840","841","842","843","844","845","846","847","848","849","850","851","852","853","854","855","856","857","858","859","860","861","862","863","864","865","866","867","868","869","870","871","872","873","874","875","876","877","878","879","880","881","882","883","884","885","886","887","888","889","890","891","892","893","894","895","896","897","898","899","900","901","902","903","904","905","906","907","908","909","910","911","912","913","914","915","916","917","918","919","920","921","922","923","924","925","926","927","928","929","930","931","932","933","934","935","936","937","938","939","940","941","942","943","944","945","946","947","948","949","950","951","952","953","954","955","956","957","958","959","960","961","962","963","964","965","966","967","968","969","970","971","972","973","974","975","976","977","978","979","980","981","982","983","984","985","986","987","988","989","990","991","992","993","994","995","996","997","998","999","1000","1001","1002","1003","1004","1005","1006","1007","1008","1009","1010","1011","1012","1013","1014","1015","1016","1017","1018","1019","1020","1021","1022","1023","1024","1025","1026","1027","1028","1029","1030","1031","1032","1033","1034","1035","1036","1037","1038","1039","1040","1041","1042","1043","1044","1045","1046","1047","1048","1049","1050","1051","1052","1053","1054","1055","1056","1057","1058","1059","1060","1061","1062","1063","1064","1065","1066","1067","1068","1069","1070","1071","1072","1073","1074","1075","1076","1077","1078","1079","1080","1081","1082","1083","1084","1085","1086","1087","1088","1089","1090","1091","1092","1093","1094","1095","1096","1097","1098","1099","1100","1101","1102","1103","1104","1105","1106","1107","1108","1109","1110","1111","1112","1113","1114","1115","1116","1117","1118","1119","1120","1121","1122","1123","1124","1125","1126","1127","1128","1129","1130","1131","1132","1133","1134","1135","1136","1137","1138","1139","1140","1141","1142","1143","1144","1145","1146","1147","1148","1149","1150","1151","1152","1153","1154","1155","1156","1157","1158","1159","1160","1161","1162","1163","1164","1165","1166","1167","1168","1169","1170","1171","1172","1173","1174","1175","1176","1177","1178","1179","1180","1181","1182","1183","1184","1185","1186","1187","1188","1189","1190","1191","1192","1193","1194","1195","1196","1197","1198","1199","1200","1201","1202","1203","1204","1205","1206","1207","1208","1209","1210","1211","1212","1213","1214","1215","1216","1217","1218","1219","1220","1221","1222","1223","1224","1225","1226","1227","1228","1229","1230","1231","1232","1233","1234","1235","1236","1237","1238","1239","1240","1241","1242","1243","1244","1245","1246","1247","1248","1249","1250","1251","1252","1253","1254","1255","1256","1257","1258","1259","1260","1261","1262","1263","1264","1265","1266","1267","1268","1269","1270","1271","1272","1273","1274","1275","1276","1277","1278","1279","1280","1281","1282","1283","1284","1285","1286","1287","1288","1289","1290","1291","1292","1293","1294","1295","1296","1297","1298","1299","1300","1301","1302","1303","1304","1305","1306","1307","1308","1309","1310","1311","1312","1313","1314","1315","1316","1317","1318","1319","1320","1321","1322","1323","1324","1325","1326","1327","1328","1329","1330","1331","1332","1333","1334","1335","1336","1337","1338","1339","1340","1341","1342","1343","1344","1345","1346","1347","1348","1349","1350","1351","1352","1353","1354","1355","1356","1357","1358","1359","1360","1361","1362","1363","1364","1365","1366","1367","1368","1369","1370","1371","1372","1373","1374","1375","1376","1377","1378","1379","1380","1381","1382","1383","1384","1385","1386","1387","1388","1389","1390","1391","1392","1393","1394","1395","1396","1397","1398","1399","1400","1401","1402","1403","1404","1405","1406","1407","1408","1409","1410","1411","1412","1413","1414","1415","1416","1417","1418","1419","1420","1421","1422","1423","1424","1425","1426","1427","1428","1429","1430","1431","1432","1433","1434","1435","1436","1437","1438","1439","1440","1441","1442","1443","1444","1445","1446","1447","1448","1449","1450","1451","1452","1453","1454","1455","1456","1457","1458","1459","1460"],"vars": ["OpenPorchSF","FullBath","YearBuilt","YearRemodAdd","Fireplaces","LotFrontage","LotArea","WoodDeckSF","MasVnrArea","TotalBsmtSF","1stFlrSF","GarageCars","GarageArea","OverallQual","SalePrice","logSalePrice","ScreenPorch","HalfBath","BedroomAbvGr","2ndFlrSF","GrLivArea","TotRmsAbvGrd","3SsnPorch","MoSold","LowQualFinSF","PoolArea","MiscVal","OverallCond","EnclosedPorch","YrSold","MSSubClass","KitchenAbvGr"],"corr": [[1,0.26,0.1887,0.2263,0.1694,0.1301,0.0848,0.0587,0.1225,0.2473,0.2117,0.2136,0.2414,0.3088,0.3159,0.3211,0.0743,0.1997,0.0938,0.208,0.3302,0.2342,-0.0058,0.0713,0.0183,0.0608,-0.0186,-0.0326,-0.0931,-0.0576,-0.0061,-0.0701],[0.26,1,0.4683,0.439,0.2437,0.1564,0.126,0.1877,0.273,0.3237,0.3806,0.4697,0.4057,0.5506,0.5607,0.5948,-0.0081,0.1364,0.3633,0.4214,0.63,0.5548,0.0354,0.0559,-0.0007,0.0496,-0.0143,-0.1941,-0.1151,-0.0197,0.1316,0.1331],[0.1887,0.4683,1,0.5929,0.1477,0.0747,0.0142,0.2249,0.3116,0.3915,0.282,0.5379,0.479,0.5723,0.5229,0.5866,-0.0504,0.2427,-0.0707,0.0103,0.199,0.0956,0.0314,0.0124,-0.1838,0.0049,-0.0344,-0.376,-0.3873,-0.0136,0.0279,-0.1748],[0.2263,0.439,0.5929,1,0.1126,0.0237,0.0138,0.2057,0.1765,0.2911,0.2404,0.4206,0.3716,0.5507,0.5071,0.5656,-0.0387,0.1833,-0.0406,0.14,0.2874,0.1917,0.0453,0.0215,-0.0624,0.0058,-0.0103,0.0737,-0.1939,0.0357,0.0406,-0.1496],[0.1694,0.2437,0.1477,0.1126,1,0.306,0.2714,0.2,0.247,0.3395,0.4105,0.3008,0.2691,0.3968,0.4669,0.4894,0.1845,0.2036,0.1076,0.1946,0.4617,0.3261,0.0113,0.0464,-0.0213,0.0951,0.0014,-0.0238,-0.0248,-0.0241,-0.0456,-0.1239],[0.1301,0.1564,0.0747,0.0237,0.306,1,0.6241,0.1561,0.1503,0.3052,0.3848,0.2228,0.2691,0.1368,0.2867,0.3087,0.0244,0.0435,0.2103,0.0547,0.3296,0.2639,0.0695,-0.0066,0.0116,0.1412,0.0652,-0.0092,0.005,0.0058,-0.2955,-0.0204],[0.0848,0.126,0.0142,0.0138,0.2714,0.6241,1,0.1717,0.1033,0.2608,0.2995,0.1549,0.1804,0.1058,0.2638,0.2573,0.0432,0.0143,0.1197,0.051,0.2631,0.19,0.0204,0.0012,0.0048,0.0777,0.0381,-0.0056,-0.0183,-0.0143,-0.1398,-0.0178],[0.0587,0.1877,0.2249,0.2057,0.2,0.1561,0.1717,1,0.16,0.232,0.2355,0.2263,0.2247,0.2389,0.3244,0.3341,-0.0742,0.1081,0.0469,0.0922,0.2474,0.166,-0.0328,0.021,-0.0254,0.0734,-0.0096,-0.0033,-0.126,0.0223,-0.0126,-0.0901],[0.1225,0.273,0.3116,0.1765,0.247,0.1503,0.1033,0.16,1,0.3601,0.3399,0.3619,0.3709,0.4073,0.4726,0.4268,0.0622,0.1991,0.1028,0.1738,0.3881,0.2796,0.0191,-0.0067,-0.0686,0.0119,-0.0295,-0.1257,-0.1099,-0.0083,0.0236,-0.0385],[0.2473,0.3237,0.3915,0.2911,0.3395,0.3052,0.2608,0.232,0.3601,1,0.8195,0.4346,0.4867,0.5378,0.6136,0.6121,0.0845,-0.0488,0.0504,-0.1745,0.4549,0.2856,0.0374,0.0132,-0.0332,0.1261,-0.0185,-0.1711,-0.0955,-0.015,-0.2385,-0.0689],[0.2117,0.3806,0.282,0.2404,0.4105,0.3848,0.2995,0.2355,0.3399,0.8195,1,0.4393,0.4898,0.4762,0.6059,0.597,0.0888,-0.1199,0.1274,-0.2026,0.566,0.4095,0.0561,0.0314,-0.0142,0.1315,-0.0211,-0.1442,-0.0653,-0.0136,-0.2518,0.0681],[0.2136,0.4697,0.5379,0.4206,0.3008,0.2228,0.1549,0.2263,0.3619,0.4346,0.4393,1,0.8825,0.6007,0.6404,0.6806,0.0505,0.2192,0.0861,0.1839,0.4672,0.3623,0.0358,0.0405,-0.0945,0.0209,-0.0431,-0.1858,-0.1514,-0.0391,-0.0401,-0.0506],[0.2414,0.4057,0.479,0.3716,0.2691,0.2691,0.1804,0.2247,0.3709,0.4867,0.4898,0.8825,1,0.562,0.6234,0.6509,0.0514,0.1635,0.0653,0.1383,0.469,0.3378,0.0351,0.028,-0.0676,0.061,-0.0274,-0.1515,-0.1218,-0.0274,-0.0987,-0.0644],[0.3088,0.5506,0.5723,0.5507,0.3968,0.1368,0.1058,0.2389,0.4073,0.5378,0.4762,0.6007,0.562,1,0.791,0.8172,0.0649,0.2735,0.1017,0.2955,0.593,0.4275,0.0304,0.0708,-0.0304,0.0652,-0.0314,-0.0919,-0.1139,-0.0273,0.0326,-0.1839],[0.3159,0.5607,0.5229,0.5071,0.4669,0.2867,0.2638,0.3244,0.4726,0.6136,0.6059,0.6404,0.6234,0.791,1,0.9484,0.1114,0.2841,0.1682,0.3193,0.7086,0.5337,0.0446,0.0464,-0.0256,0.0924,-0.0212,-0.0779,-0.1286,-0.0289,-0.0843,-0.1359],[0.3211,0.5948,0.5866,0.5656,0.4894,0.3087,0.2573,0.3341,0.4268,0.6121,0.597,0.6806,0.6509,0.8172,0.9484,1,0.1212,0.314,0.209,0.3193,0.7009,0.5344,0.0549,0.0573,-0.038,0.0698,-0.02,-0.0369,-0.1491,-0.0373,-0.074,-0.1475],[0.0743,-0.0081,-0.0504,-0.0387,0.1845,0.0244,0.0432,-0.0742,0.0622,0.0845,0.0888,0.0505,0.0514,0.0649,0.1114,0.1212,1,0.0724,0.0443,0.0406,0.1015,0.0594,-0.0314,0.0232,0.0268,0.0513,0.0319,0.0548,-0.0829,0.0107,-0.026,-0.0516],[0.1997,0.1364,0.2427,0.1833,0.2036,0.0435,0.0143,0.1081,0.1991,-0.0488,-0.1199,0.2192,0.1635,0.2735,0.2841,0.314,0.0724,1,0.2267,0.6097,0.4158,0.3434,-0.005,-0.009,-0.0271,0.0224,0.0013,-0.0608,-0.0953,-0.0103,0.1774,-0.0683],[0.0938,0.3633,-0.0707,-0.0406,0.1076,0.2103,0.1197,0.0469,0.1028,0.0504,0.1274,0.0861,0.0653,0.1017,0.1682,0.209,0.0443,0.2267,1,0.5029,0.5213,0.6766,-0.0245,0.0465,0.1056,0.0707,0.0078,0.013,0.0416,-0.036,-0.0234,0.1986],[0.208,0.4214,0.0103,0.14,0.1946,0.0547,0.051,0.0922,0.1738,-0.1745,-0.2026,0.1839,0.1383,0.2955,0.3193,0.3193,0.0406,0.6097,0.5029,1,0.6875,0.6164,-0.0244,0.0352,0.0634,0.0815,0.0162,0.0289,0.062,-0.0287,0.3079,0.0593],[0.3302,0.63,0.199,0.2874,0.4617,0.3296,0.2631,0.2474,0.3881,0.4549,0.566,0.4672,0.469,0.593,0.7086,0.7009,0.1015,0.4158,0.5213,0.6875,1,0.8255,0.0206,0.0502,0.1347,0.1702,-0.0024,-0.0797,0.0091,-0.0365,0.0749,0.1001],[0.2342,0.5548,0.0956,0.1917,0.3261,0.2639,0.19,0.166,0.2796,0.2856,0.4095,0.3623,0.3378,0.4275,0.5337,0.5344,0.0594,0.3434,0.6766,0.6164,0.8255,1,-0.0067,0.0369,0.1312,0.0838,0.0248,-0.0576,0.0042,-0.0345,0.0404,0.256],[-0.0058,0.0354,0.0314,0.0453,0.0113,0.0695,0.0204,-0.0328,0.0191,0.0374,0.0561,0.0358,0.0351,0.0304,0.0446,0.0549,-0.0314,-0.005,-0.0245,-0.0244,0.0206,-0.0067,1,0.0295,-0.0043,-0.008,0.0004,0.0255,-0.0373,0.0186,-0.0438,-0.0246],[0.0713,0.0559,0.0124,0.0215,0.0464,-0.0066,0.0012,0.021,-0.0067,0.0132,0.0314,0.0405,0.028,0.0708,0.0464,0.0573,0.0232,-0.009,0.0465,0.0352,0.0502,0.0369,0.0295,1,-0.0222,-0.0337,-0.0065,-0.0035,-0.0289,-0.1457,-0.0136,0.0266],[0.0183,-0.0007,-0.1838,-0.0624,-0.0213,0.0116,0.0048,-0.0254,-0.0686,-0.0332,-0.0142,-0.0945,-0.0676,-0.0304,-0.0256,-0.038,0.0268,-0.0271,0.1056,0.0634,0.1347,0.1312,-0.0043,-0.0222,1,0.0622,-0.0038,0.0255,0.0611,-0.0289,0.0465,0.0075],[0.0608,0.0496,0.0049,0.0058,0.0951,0.1412,0.0777,0.0734,0.0119,0.1261,0.1315,0.0209,0.061,0.0652,0.0924,0.0698,0.0513,0.0224,0.0707,0.0815,0.1702,0.0838,-0.008,-0.0337,0.0622,1,0.0297,-0.002,0.0542,-0.0597,0.0083,-0.0145],[-0.0186,-0.0143,-0.0344,-0.0103,0.0014,0.0652,0.0381,-0.0096,-0.0295,-0.0185,-0.0211,-0.0431,-0.0274,-0.0314,-0.0212,-0.02,0.0319,0.0013,0.0078,0.0162,-0.0024,0.0248,0.0004,-0.0065,-0.0038,0.0297,1,0.0688,0.0184,0.0049,-0.0077,0.0623],[-0.0326,-0.1941,-0.376,0.0737,-0.0238,-0.0092,-0.0056,-0.0033,-0.1257,-0.1711,-0.1442,-0.1858,-0.1515,-0.0919,-0.0779,-0.0369,0.0548,-0.0608,0.013,0.0289,-0.0797,-0.0576,0.0255,-0.0035,0.0255,-0.002,0.0688,1,0.0704,0.0439,-0.0593,-0.087],[-0.0931,-0.1151,-0.3873,-0.1939,-0.0248,0.005,-0.0183,-0.126,-0.1099,-0.0955,-0.0653,-0.1514,-0.1218,-0.1139,-0.1286,-0.1491,-0.0829,-0.0953,0.0416,0.062,0.0091,0.0042,-0.0373,-0.0289,0.0611,0.0542,0.0184,0.0704,1,-0.0099,-0.012,0.0373],[-0.0576,-0.0197,-0.0136,0.0357,-0.0241,0.0058,-0.0143,0.0223,-0.0083,-0.015,-0.0136,-0.0391,-0.0274,-0.0273,-0.0289,-0.0373,0.0107,-0.0103,-0.036,-0.0287,-0.0365,-0.0345,0.0186,-0.1457,-0.0289,-0.0597,0.0049,0.0439,-0.0099,1,-0.0214,0.0317],[-0.0061,0.1316,0.0279,0.0406,-0.0456,-0.2955,-0.1398,-0.0126,0.0236,-0.2385,-0.2518,-0.0401,-0.0987,0.0326,-0.0843,-0.074,-0.026,0.1774,-0.0234,0.3079,0.0749,0.0404,-0.0438,-0.0136,0.0465,0.0083,-0.0077,-0.0593,-0.012,-0.0214,1,0.2817],[-0.0701,0.1331,-0.1748,-0.1496,-0.1239,-0.0204,-0.0178,-0.0901,-0.0385,-0.0689,0.0681,-0.0506,-0.0644,-0.1839,-0.1359,-0.1475,-0.0516,-0.0683,0.1986,0.0593,0.1001,0.256,-0.0246,0.0266,0.0075,-0.0145,0.0623,-0.087,0.0373,0.0317,0.2817,1]],"dat": [[61,0,42,35,84,30,57,204,0,4,0,21,0,33,213,112,0,0,102,0,154,0,159,110,90,56,32,50,258,0,54,65,30,38,47,32,64,0,52,0,138,104,0,0,0,82,43,146,0,0,75,0,0,72,50,0,0,70,0,0,50,0,49,11,36,151,0,29,0,21,0,0,94,0,0,101,0,0,0,0,72,199,99,0,72,82,38,234,0,0,29,0,0,0,162,63,29,0,0,0,68,46,0,36,0,45,0,0,0,122,0,0,184,120,0,32,20,64,0,24,130,0,0,63,0,0,205,0,108,80,66,48,0,25,96,0,111,0,106,99,0,24,0,29,0,40,0,48,0,114,0,102,66,0,0,8,0,75,136,132,0,0,70,0,0,0,0,120,48,64,0,62,35,20,0,29,228,0,60,0,0,0,0,238,0,260,27,0,0,120,74,32,35,40,0,0,138,16,198,26,64,83,0,0,35,34,30,0,55,0,0,22,108,0,36,0,98,172,119,0,33,46,208,0,105,0,114,0,0,20,0,146,0,0,48,0,105,70,228,140,168,42,0,28,130,39,60,30,68,98,0,0,45,0,0,0,56,110,96,45,0,148,12,0,0,0,75,24,25,30,51,0,57,0,0,0,150,0,98,117,84,120,62,150,0,54,0,0,0,0,51,184,0,250,0,0,0,10,0,36,0,50,81,0,0,0,44,144,0,175,63,0,0,0,0,51,195,46,60,48,154,154,96,98,0,0,30,45,60,0,0,0,0,30,38,0,51,74,45,0,0,0,0,72,0,0,0,40,27,0,54,80,0,0,0,26,26,90,0,75,0,0,0,0,111,128,76,110,98,17,40,59,0,0,48,0,0,214,0,63,0,121,53,0,231,20,151,0,25,134,130,192,0,0,39,0,0,168,0,168,30,0,0,123,40,78,0,0,62,102,0,0,144,0,187,30,0,0,0,85,0,0,0,66,44,0,0,0,54,0,0,98,36,36,0,61,0,0,0,46,72,0,0,16,133,0,0,0,0,176,113,54,122,30,0,0,0,137,63,0,150,0,0,0,0,20,0,0,44,70,54,0,28,63,48,24,39,84,44,72,112,49,0,125,132,80,0,0,0,0,24,0,0,0,20,523,75,100,0,285,28,108,0,54,0,0,81,102,0,88,42,35,0,0,0,54,104,0,36,0,114,40,24,406,60,144,0,66,0,0,0,0,0,0,35,0,155,0,0,0,68,56,73,40,24,0,38,0,50,182,55,0,39,96,62,0,0,47,22,20,0,38,0,36,40,66,39,0,40,0,0,0,114,0,0,0,50,68,102,0,110,90,32,502,0,66,0,0,48,0,45,274,0,0,0,75,158,16,0,0,60,162,150,172,36,42,0,0,0,0,142,0,122,30,24,0,75,0,108,0,0,243,0,32,0,0,0,0,0,0,0,73,0,0,56,110,0,0,0,0,140,235,111,0,130,312,27,0,124,0,0,0,120,0,46,0,0,0,0,0,113,76,0,0,267,124,265,42,0,0,35,0,42,87,0,0,0,0,82,0,0,0,0,45,81,0,105,60,0,28,0,50,27,0,0,0,0,0,144,158,78,0,100,0,35,0,48,38,24,0,0,0,120,288,44,0,48,0,154,0,28,0,0,0,64,0,44,0,25,23,152,22,84,0,0,341,0,116,0,56,0,0,55,0,0,204,54,0,56,0,160,48,27,52,48,24,105,0,0,98,0,0,45,128,30,174,66,0,33,36,0,0,0,0,45,247,59,0,0,0,21,124,33,30,291,0,0,45,0,168,16,0,130,130,46,50,0,0,78,0,114,0,18,170,0,60,0,312,0,156,0,0,0,0,0,34,0,59,0,35,45,32,48,0,140,45,0,39,0,166,0,166,39,0,0,0,116,0,0,0,0,78,129,0,0,0,72,0,40,100,0,20,0,0,418,104,0,36,0,65,240,0,0,0,140,0,80,0,144,90,0,77,0,28,0,364,0,0,0,0,49,36,40,188,0,65,54,0,207,0,0,0,0,116,0,50,28,0,67,0,0,0,75,60,0,0,60,0,0,24,0,0,0,0,234,0,0,0,192,51,87,70,0,69,131,0,100,43,151,0,18,0,191,36,0,0,41,48,90,0,0,0,0,0,118,0,0,252,96,0,0,0,0,189,0,0,0,0,39,44,0,282,0,136,40,72,70,0,0,0,0,27,0,120,135,50,0,116,0,80,76,0,16,0,0,48,0,95,224,50,70,169,42,35,48,57,319,0,100,61,0,20,104,0,0,0,0,0,48,0,0,0,0,30,130,45,66,0,0,20,64,54,0,20,72,0,0,44,0,28,0,63,55,136,0,0,0,45,0,0,0,40,63,121,120,0,108,0,0,0,22,20,52,78,60,0,36,98,102,0,0,20,57,120,58,44,40,128,20,0,20,0,0,0,93,0,21,32,0,64,0,0,39,116,44,0,96,50,40,84,0,48,0,64,0,22,0,74,0,0,0,0,16,0,0,32,244,100,48,185,84,69,0,18,0,0,0,0,34,0,22,20,0,200,25,0,20,36,48,0,44,28,48,155,38,128,0,0,32,0,0,96,144,24,0,0,26,0,0,0,0,140,0,0,84,21,92,62,24,69,0,0,0,0,180,114,33,38,0,76,0,0,54,0,0,33,0,0,0,36,0,53,78,0,263,0,74,114,68,60,0,0,0,304,36,24,17,0,0,82,0,36,0,234,88,70,42,23,0,50,104,12,113,0,72,0,0,112,0,0,0,63,0,30,75,0,18,240,72,0,24,18,0,0,192,40,27,48,0,33,63,56,120,229,0,112,45,0,0,80,0,36,0,47,128,0,36,96,0,0,103,0,0,0,68,34,0,76,12,0,0,0,0,0,0,0,116,0,211,0,72,58,0,0,0,0,26,198,59,74,0,0,287,28,0,0,20,44,292,0,0,0,78,59,40,102,35,64,36,51,207,98,0,30,36,0,42,241,150,0,0,0,39,0,49,0,0,0,547,28,45,0,0,65,36,16,211,20,91,0,0,78,87,0,0,0,80,0,25,54,0,84,0,86,184,98,0,0,32,45,0,36,0,36,166,96,88,26,0,262,0,28,170,140,210,36,141,68,0,0,0,42,0,0,0,96,112,15,39,0,36,152,144,25,20,39,0,0,0,16,0,75,55,160,0,53,0,0,0,63,45,0,0,44,0,20,0,126,88,73,169,55,0,236,28,39,132,0,0,0,40,60,0,0,41,36,0,66,158,88,0,0,52,98,60,0,39,65,24,0,45,36,28,56,113,40,0,60,0,68],[2,2,2,1,2,1,2,2,2,1,1,3,1,2,1,1,1,2,1,1,3,1,2,1,1,2,1,2,1,1,1,1,2,1,2,3,1,1,1,2,2,1,1,1,1,2,1,2,2,1,2,1,1,0,1,2,2,2,3,1,1,1,2,2,2,2,2,2,1,2,2,1,2,1,2,1,1,1,2,1,2,2,2,1,2,2,2,2,1,1,1,1,1,2,2,2,2,1,1,1,2,2,2,2,1,2,1,1,2,2,2,2,2,2,2,2,1,1,3,2,1,1,1,2,2,1,2,1,1,1,2,2,1,2,2,2,2,3,2,2,1,2,2,2,2,2,1,2,1,1,1,2,2,1,1,1,1,2,2,2,2,2,2,1,2,2,1,1,2,2,1,1,2,1,2,2,2,2,2,1,2,1,1,2,1,2,2,2,0,1,2,1,2,2,1,2,2,2,1,2,2,2,2,1,1,2,1,1,2,1,1,2,2,1,1,1,2,1,1,2,2,2,2,1,2,2,2,1,1,2,1,2,1,1,2,1,2,2,2,1,2,1,1,1,2,2,2,1,2,2,1,2,2,2,1,2,2,2,2,1,1,2,1,1,1,2,2,2,1,1,2,1,2,2,1,2,2,1,2,2,2,2,2,2,2,2,1,1,1,1,2,2,1,2,1,1,1,2,1,1,1,2,2,1,3,2,2,1,1,2,2,1,1,2,1,2,2,2,2,2,3,2,2,1,2,1,1,1,2,1,2,1,2,2,2,2,2,2,2,1,2,1,2,2,1,1,1,2,2,2,2,1,1,1,1,2,2,1,1,2,1,1,3,1,2,1,1,1,1,1,2,2,1,1,2,0,1,3,1,2,2,2,2,1,2,2,1,1,2,2,1,2,1,1,1,1,1,2,1,2,1,2,1,2,2,2,1,2,2,2,1,1,2,1,2,2,1,2,1,1,2,2,1,2,1,1,2,1,2,2,1,1,1,2,1,2,1,1,1,1,2,2,2,2,2,1,2,2,2,1,1,2,2,2,2,1,1,1,1,1,2,1,1,1,2,2,1,1,2,2,1,2,1,2,2,1,2,2,2,1,2,2,1,2,1,1,1,2,2,1,1,1,2,1,1,1,3,2,1,1,1,2,1,2,2,2,2,2,2,1,1,2,1,1,1,2,2,2,2,1,2,1,2,3,2,2,1,2,1,3,2,2,1,1,2,1,2,1,1,2,2,2,2,1,2,2,1,1,1,2,2,1,2,2,2,1,1,1,2,2,1,1,1,2,2,1,2,2,1,1,2,1,2,2,1,1,2,1,2,2,1,2,1,3,1,2,1,1,1,1,2,2,1,1,1,2,1,0,2,2,2,1,2,2,2,2,1,3,2,1,2,2,2,1,1,1,2,1,2,2,1,2,1,2,1,1,1,1,1,1,1,2,2,1,0,2,1,2,1,2,1,2,2,2,2,1,1,1,1,1,2,1,2,1,2,1,1,1,1,1,2,2,1,2,1,2,2,2,1,1,2,2,1,2,1,2,2,1,2,1,2,1,1,2,2,2,3,2,2,2,1,3,2,1,1,2,1,1,1,2,2,1,2,2,2,2,2,2,2,1,1,1,2,1,2,2,1,1,2,1,2,1,1,2,2,1,2,2,2,1,2,2,2,1,1,1,2,2,3,2,2,1,2,2,2,3,2,1,2,2,1,2,2,2,1,2,2,2,2,2,1,1,2,2,1,2,2,2,2,3,1,1,1,1,2,2,2,1,2,1,2,2,2,1,2,2,2,2,1,2,2,1,2,2,2,2,1,1,3,1,2,1,2,3,1,2,2,1,1,2,1,1,1,1,1,2,1,2,1,2,2,1,2,2,2,2,1,2,2,2,1,2,2,1,1,2,1,1,1,1,2,2,1,2,1,2,2,1,3,2,1,2,2,1,1,1,1,2,2,2,1,1,2,1,2,1,2,1,2,2,1,2,1,1,1,2,1,2,1,1,1,2,2,1,1,2,2,1,2,1,1,2,1,1,2,1,1,2,2,1,1,1,2,2,1,1,2,1,1,2,2,1,1,2,2,1,0,1,2,1,2,2,2,2,2,2,2,2,2,2,2,1,2,2,2,1,2,2,2,2,2,2,2,2,1,1,1,2,2,1,1,1,1,2,2,2,1,1,2,2,1,2,2,2,2,2,1,1,1,1,1,2,2,2,1,2,1,1,1,1,1,2,2,2,2,1,1,2,2,2,2,1,2,2,2,1,1,2,1,2,1,1,2,2,2,2,2,1,2,2,2,2,1,1,1,2,2,1,2,2,1,2,1,2,2,1,1,2,1,1,2,2,2,2,1,1,2,2,1,1,2,1,2,2,2,2,3,1,1,1,2,2,1,1,2,2,2,2,2,1,2,1,2,1,1,2,2,1,2,1,1,1,1,1,2,1,2,1,1,1,2,1,2,1,2,1,1,2,2,1,2,2,2,1,1,2,1,1,1,2,1,1,1,1,2,2,2,2,2,2,2,2,1,1,1,2,2,1,1,1,1,2,1,1,2,1,2,2,2,1,2,1,2,2,2,1,1,1,2,1,1,2,3,1,1,1,2,1,1,1,1,1,1,1,1,2,2,2,2,2,2,1,1,0,1,2,2,2,2,3,1,1,2,3,2,2,1,1,1,1,2,2,3,1,1,1,2,2,2,2,1,2,1,2,1,2,2,1,2,1,1,2,1,2,1,2,1,2,1,2,2,2,1,0,1,1,2,2,1,1,1,1,2,2,2,1,2,1,1,2,2,1,2,1,1,1,2,2,1,2,2,2,2,2,1,3,2,1,1,1,2,2,1,2,2,1,2,1,2,1,2,1,1,1,2,2,1,2,3,1,0,2,1,1,2,2,1,1,2,1,2,2,2,2,2,1,1,2,2,2,1,2,2,2,1,1,2,2,2,1,2,1,2,2,2,2,2,1,1,2,2,2,2,2,1,2,2,2,2,1,1,1,2,1,2,1,1,1,2,2,2,1,1,1,1,2,2,1,2,1,1,1,2,1,2,1,2,2,2,2,2,1,1,2,2,3,1,1,2,2,3,2,2,2,2,2,2,2,1,2,1,1,2,2,2,2,1,2,1,2,1,2,1,2,1,1,3,2,2,1,2,2,1,2,2,2,1,1,1,2,1,2,2,2,1,2,1,1,1,2,2,1,2,2,1,2,2,2,1,2,2,2,1,2,1,1,2,1,1,2,2,2,2,2,2,1,1,2,1,2,2,1,2,1,2,1,1,2,1,1,2,2,1,1,2,2,2,2,1,1],[2003,1976,2001,1915,2000,1993,2004,1973,1931,1939,1965,2005,1962,2006,1960,1929,1970,1967,2004,1958,2005,1930,2002,1976,1968,2007,1951,2007,1957,1927,1920,1966,2007,1959,2005,2004,1994,1954,1953,1955,1965,1959,1983,1975,1959,2005,2003,2006,1920,1966,1997,1934,1963,1981,1955,1964,1999,2004,2006,1972,2004,1920,2006,1921,1997,2004,1970,2003,1945,1953,1973,1982,1998,1954,1915,1973,1956,1948,1968,1910,1968,1998,2007,1960,1995,1991,2005,2009,1915,1994,1950,1961,1921,1910,1997,1993,1999,1965,1920,1959,1977,1985,1979,2009,1931,2003,1885,1948,1919,1977,1954,2000,2007,1953,1945,1999,1962,2006,1990,2005,1969,1939,1958,1993,1979,1935,1976,1930,1966,1958,1966,2000,1959,2001,1968,1970,1967,1988,1999,1997,1971,2005,1952,1999,1963,2004,1931,2001,2004,1936,1975,2007,1971,1960,1923,1924,1950,2009,2004,2005,1984,2003,2005,1956,1926,1940,1955,2007,2004,1981,1941,1960,1987,1961,1986,1950,1988,1958,2008,1923,2000,1920,1957,2003,1908,1892,1990,1916,1979,2001,1932,1972,1999,2004,1972,1976,2007,1918,1912,2004,2003,1977,1924,2004,1947,1990,1962,1960,1988,1964,1925,2009,2009,1995,1977,1957,2004,1925,1939,2005,2006,2002,1975,1971,2003,1971,1995,1970,1967,2005,1959,1995,1972,1976,2002,1971,2004,1993,2007,1945,2008,1945,1900,1980,1994,1988,1910,1954,2003,1958,1940,2006,2004,1964,1957,1999,2003,2006,2001,1956,1962,2007,1977,1929,1925,1981,1997,1939,1940,1976,2006,1954,1999,1958,1982,1925,2003,1951,2006,1977,1989,2006,2007,2008,1992,2006,1962,1971,1967,1915,2006,1912,1949,1977,1953,1984,1950,1997,1968,1950,1953,1998,2001,1972,1880,2004,1990,1920,1940,2003,1993,1948,1939,1965,1925,2004,1980,2006,1993,1980,2006,2004,1986,1955,1967,1941,1993,1960,1916,1920,1964,1958,2003,2004,1998,1965,2005,2002,1984,1958,2002,1950,1949,2005,1976,1939,1960,1960,2003,2005,2007,1986,1941,1928,1940,1995,1992,1976,1958,1998,1978,1940,2003,1972,1976,1920,1963,1962,1954,1959,2000,1959,1984,1953,2003,1922,1996,2004,2010,2000,1924,2006,2006,1928,1992,2004,1910,1976,1999,2007,1900,2001,1959,1941,1940,1956,1972,1962,1920,2006,1996,2005,1940,1998,1995,1976,1936,1915,2006,2007,1958,1955,2009,1927,1993,2007,1978,1918,1940,1968,1997,1977,1954,1998,1956,1946,1989,1957,2007,1988,1971,1920,1971,1997,1972,1996,1920,1926,1913,1920,2008,1955,1930,2006,1994,1956,1966,1998,1937,1948,1930,1975,1996,2008,1976,1973,1916,1954,1925,1950,2009,1936,1965,1934,1978,2004,1970,1942,2006,1993,1985,1977,2005,2006,2000,1963,1997,2006,2007,1937,2004,2003,1915,1998,1962,1950,1965,1971,1900,1970,1976,1941,2006,1960,1938,1920,1992,1925,1967,1958,1973,2005,1965,1959,1974,1952,1993,2009,1928,1959,1951,2005,1958,1983,1926,2009,1972,1996,1998,1926,1900,1957,1947,2007,1996,2005,1956,2008,1920,1957,1988,1920,1955,1946,2004,1910,1998,1972,1968,2001,2006,2000,1998,1998,2006,1988,1923,1970,1955,2003,1977,1957,2006,1949,2003,1922,1957,1920,1996,2003,1957,1974,1940,1918,1992,1915,2005,2004,1983,1979,1965,1959,2009,2000,1971,1947,1928,1966,2007,1954,1960,2008,1990,1893,1935,2005,1918,1982,1968,1930,2004,2008,1982,2003,1975,2005,1910,2006,1977,1980,2005,1937,1992,2004,2002,1965,1996,1948,1934,1961,2000,1978,2001,2007,1972,1963,2002,1954,2007,2003,1914,1974,1977,2000,1972,1962,1960,1955,1969,1964,1880,2006,1977,1954,1980,1914,1936,1954,1910,2006,2003,2001,1972,1969,2009,1971,1950,1953,1966,1970,2007,1940,1996,1906,1995,1971,1959,1931,1948,1964,1976,1994,1968,1972,2005,2000,1965,1994,1956,1922,2005,1925,1977,1957,1965,1978,1900,1924,2008,1961,1980,1932,1996,2002,1998,1984,2007,2004,2007,2005,2004,1994,1989,1921,1936,1987,1921,1952,1965,2004,2002,1969,2006,1900,2004,1930,1971,2006,2007,1966,1935,1900,1988,1970,1976,1974,1890,1973,1993,1969,1985,2004,1970,1954,2007,1970,1988,2007,1958,1925,1995,2003,1998,1961,1968,1914,1950,2005,1987,2004,1910,1961,2000,1963,1993,1976,2000,1880,1996,1945,1910,2003,1997,2005,1969,1999,2007,1978,1999,1995,1959,1924,2009,1999,1995,2008,1988,1940,2004,2003,1982,1951,1976,1958,2006,1998,2005,1974,1977,1977,1995,1992,2001,1978,1914,1967,1915,2004,1954,1966,2005,1976,1996,2007,1994,1980,1977,1953,2008,1937,1997,1916,2005,2008,1954,2008,1967,1923,1966,1898,1974,2004,1952,1958,1918,1998,1954,2002,1971,2009,2003,1953,2003,1940,2006,2007,1924,2001,1967,2005,1957,2005,2003,1964,1961,1950,1948,1973,1995,1946,1925,1904,1966,1961,1915,1975,1993,1972,1908,1976,2003,2003,1941,1964,1955,1962,1978,1994,1976,1968,1918,1965,1984,1959,2007,1970,2006,1961,1948,1993,1962,1998,1953,1949,1941,2007,1963,2004,1961,1978,2005,1990,1992,1912,1967,1999,1959,1955,1970,1953,1949,1978,1963,1954,1979,1963,1936,1979,2009,1961,1971,1957,2003,2006,1967,1954,2006,1936,1983,2005,1960,1977,1925,1949,2009,1970,1949,1956,1991,1958,1994,1900,2005,1993,1980,1977,2003,1968,2001,1997,2007,1965,2006,2004,1960,1926,2003,2005,2006,1940,1976,1999,1977,1967,1958,1890,1959,2002,2002,1972,1950,1965,1972,1969,1975,1946,1980,1962,2003,1999,1958,1977,1976,2007,2002,2005,1940,1955,1910,1958,1949,2003,1979,2007,1910,2000,1923,2006,1954,1963,1961,1998,2007,2002,1977,1950,1910,2009,1976,2006,1997,1882,1964,2005,2006,1946,1961,1970,1922,2006,1952,1920,2006,1976,2005,1977,1970,1970,2004,1926,1948,1965,1923,1910,1948,2001,1996,1984,1991,2005,2005,2006,1930,2005,1976,1972,1960,2007,1941,1972,1916,1920,1993,2002,1938,1957,2007,2001,1970,1970,1957,1966,2005,1990,1981,1955,2005,1994,1960,1946,2007,2007,1964,1957,2002,1976,2005,1994,2008,1932,2001,1935,1900,1925,1966,1996,1993,1964,1973,1949,1956,1968,1948,1977,2006,1940,1936,1969,2004,1994,1971,1963,2002,1964,1995,1992,1973,2005,2004,2005,1950,1999,1925,1965,1956,2006,1914,1986,1936,1978,1920,1971,1960,1959,1970,1994,1990,2006,2000,2004,1995,1976,1957,1953,1954,2007,2002,1967,1958,1959,1920,2005,1956,1947,1992,1955,2007,2004,2004,1980,1928,1991,1880,1995,1997,1926,1950,1875,1977,1920,1951,1976,2006,1959,1941,1928,1985,1941,1926,1920,1950,1959,1956,1930,1965,1976,1965,2007,2007,1974,1978,1954,1968,1969,1978,2009,2008,2000,1935,1995,1977,1958,2006,1946,1932,1992,1984,1926,1921,1954,1990,2008,1996,1920,1963,1924,1900,1994,2002,1999,1961,1999,1925,1999,1969,2005,2006,1916,2001,1963,1970,1998,1925,2000,1975,1990,1966,2003,1962,2006,1992,1988,1941,1965,1962,1966,1978,2009,1947,1971,1964,1968,1949,1951,2004,1958,2007,1965,2008,1960,1977,1962,1962,1959,1911,1914,2003,2004,2005,2006,2003,2007,1974,2006,1929,1984,2005,1976,1917,1950,1968,2003,1968,1974,2003,1931,1994,1922,2005,1969,1999,1956,1957,1919,1998,1999,1910,2008,1935,1958,1979,1968,1965,1959,1910,1948,1972,1967,2002,1920,2002,1990,1977,1971,1919,1939,1963,1964,2000,2006,1964,1972,1892,1976,1955,1968,1963,2005,2008,1959,1999,1942,1994,2005,2004,2006,2005,1994,1948,1991,1959,2005,1990,1999,1954,1969,2008,2006,2001,1954,1957,1949,1992,1940,2006,1922,1931,1982,1920,1998,2006,1976,1938,1938,1970,1977,1973,1941,2002,1972,1971,2003,2002,1928,2006,1920,1968,2006,1998,1872,1969,1962,1937,1995,2000,1968,1966,1971,2000,2004,1921,2005,1920,2006,2005,2000,1999,1977,2003,2003,1920,1955,1998,2001,2005,2007,1930,1941,1973,2006,1914,1970,1920,1918,1939,1922,1978,1916,2006,1941,2000,1967,1967,1905,2006,2005,1948,1920,1950,1925,1929,2004,2006,2007,1915,2004,1972,1985,1910,1986,2001,1950,1949,2005,1923,2007,1885,1998,1963,1969,1968,1977,2003,1966,1958,1959,1994,1945,1940,1981,2005,1976,1927,2000,1977,1962,1971,2008,1957,1979,1922,2004,2008,1916,2004,1966,1962,1995,1910,1970,1974,2008,2005,2006,2004,1999,1978,1941,1950,1965],[2003,1976,2002,1970,2000,1995,2005,1973,1950,1950,1965,2006,1962,2007,1960,2001,1970,1967,2004,1965,2006,1950,2002,1976,2001,2007,2000,2008,1997,1950,1950,2006,2007,1959,2005,2005,1995,1990,2007,1955,1965,1959,1983,1980,1959,2005,2003,2006,2008,1966,1997,1950,1963,1987,1955,1964,2000,2004,2006,1972,2004,1996,2006,1950,1998,2005,1989,2003,1950,1953,1973,2006,1998,2003,1950,1973,1956,2001,1968,1981,1968,1998,2007,1960,1996,1992,2005,2009,1982,1995,1950,1961,2006,1998,1997,1993,1999,1965,1950,1959,2001,1985,1979,2009,1950,2004,1995,1950,2005,1977,1972,2000,2007,1953,2002,1999,1962,2007,1990,2006,1969,1950,1958,1993,1998,1982,1976,1950,1966,1991,1966,2000,2002,2002,1993,1970,1967,1989,2000,1997,1971,2005,1952,1999,1963,2006,1993,2001,2005,1950,1975,2008,1971,1975,1950,1950,1950,2010,2005,2006,1984,2004,2005,1956,2004,1999,1993,2007,2004,1981,1950,1960,1987,1961,1986,2001,1989,1958,2009,2006,2000,1950,2006,2003,1991,1993,1991,1987,1979,2002,1994,2004,1999,2004,1972,1976,2007,1990,1950,2005,2004,1977,1950,2004,1950,1990,1962,1960,1989,1964,1950,2009,2009,1995,1977,1996,2004,1950,2006,2006,2006,2002,1975,1971,2003,1971,1995,1970,1967,2006,1959,1996,1972,1976,2002,1971,2004,2003,2007,1950,2008,1997,1950,1980,2002,1988,1950,1954,2003,2006,1966,2007,2004,1991,1957,1999,2003,2006,2001,1956,1962,2007,1995,2001,2004,1981,1997,1997,1955,1976,2006,2005,2007,1988,1982,2007,2003,1951,2007,1977,1989,2006,2008,2009,1992,2007,1981,1971,1967,2003,2006,2000,2008,1994,1953,1984,1950,1998,1968,2004,1953,1999,2002,1972,2002,2005,1991,1950,1950,2004,1994,2002,1950,1965,1990,2005,1980,2006,1993,1980,2006,2004,1987,2005,2007,1950,1993,1960,1994,1950,1964,1992,2004,2004,1998,1965,2006,2003,1998,1998,2002,1950,1950,2005,1976,1950,1998,1960,2004,2006,2007,1986,1950,2003,2000,1995,1992,1976,1958,1998,1978,1982,2003,2007,1976,1997,1963,1962,1954,2006,2000,1959,1984,1953,2004,1950,1996,2005,2010,2000,1950,2006,2006,1950,1992,2005,1996,1976,2000,2008,1950,2002,1959,1950,1950,1956,1972,1962,1950,2007,1996,2005,1997,1998,1996,1993,1950,1976,2006,2008,1958,1955,2009,1950,1993,2007,1978,1950,1950,1968,1998,2000,1954,1998,1956,1992,1989,1957,2007,1988,1971,1998,1971,1998,1972,1996,1950,2004,2002,2000,2008,1955,1992,2007,1995,1956,2002,1999,1950,2002,2005,1975,1997,2008,1976,1973,1950,1994,1996,1950,2009,2007,1965,1995,1978,2004,1970,1995,2006,1993,1985,1977,2005,2007,2000,1963,1998,2006,2008,2000,2005,2004,2005,1998,2001,2007,1965,1971,1970,2002,1976,1950,2006,1960,1996,1950,1993,1950,2004,1985,1973,2005,1965,1997,1974,1952,1994,2009,2005,1959,2000,2006,1958,1983,1950,2009,1972,1997,1998,2004,2000,1957,1950,2008,1997,2005,2000,2008,2002,1975,1989,1999,2007,1950,2004,1991,1999,1972,1968,2002,2006,2000,1999,1998,2006,1988,1950,1970,1995,2004,1977,1957,2006,2003,2004,1950,1957,1950,1997,2004,1996,1975,1969,1950,2000,1950,2007,2004,2009,1979,1965,1959,2009,2000,2005,1950,1950,1966,2007,1954,1987,2009,1990,2000,1995,2006,2000,1982,2003,1960,2004,2008,2003,2003,1975,2006,1993,2007,1977,1980,2005,1950,1992,2005,2002,1990,1996,2002,1998,1961,2000,1978,2001,2007,1972,1963,2003,1954,2007,2003,1950,1997,1977,2000,1972,1962,1978,1972,1969,1964,1991,2006,1977,2005,1980,1995,1950,1954,1950,2006,2004,2001,1995,1969,2009,1971,1950,1953,1966,1970,2007,1950,1996,1995,1995,1971,2006,2000,1950,1999,1976,2005,1968,1972,2006,2000,1979,1998,1987,1950,2005,1950,1977,2004,1965,1978,1950,2006,2008,1961,1980,2000,1997,2002,1998,1984,2007,2004,2007,2006,2004,1995,1990,1968,1950,1987,1950,1952,2009,2004,2002,1969,2006,1996,2005,1950,2002,2006,2007,1966,2003,1950,1989,1970,2005,1974,1998,2000,1994,1969,1985,2004,1970,1972,2008,1970,2007,2007,1958,1950,1996,2003,1999,1983,1968,1970,1950,2005,1988,2004,2002,1996,2001,1999,1993,1996,2000,2003,1996,1950,2004,2003,1997,2005,2005,1999,2007,1978,1999,1995,1959,1950,2009,1999,1996,2008,1988,1985,2005,2003,1982,1951,1976,1958,2006,1998,2006,1974,1977,1977,1996,1992,2002,1978,2001,1967,1950,2004,2000,2007,2006,1976,1997,2007,1996,1981,1977,1953,2009,1950,1997,1990,2005,2009,1954,2008,1967,2004,1966,1965,1999,2004,1952,1958,1950,1998,1954,2002,1971,2010,2003,1953,2003,1950,2006,2008,1950,2001,1967,2005,1957,2005,2003,1964,1961,1995,1973,1973,2006,1995,1950,2002,1966,1961,1950,1981,1993,1972,1997,1994,2003,2003,1950,1964,1974,2010,1978,1995,1976,1984,1998,1965,1985,1959,2008,1970,2007,1961,1950,1994,1962,1998,1996,1950,1950,2007,1963,2005,1995,2005,2006,1991,1993,1950,1967,2000,2005,1955,1970,1953,2006,1978,2003,1954,1979,1963,1950,1979,2010,1994,1971,2000,2003,2006,1967,1954,2006,1987,1983,2005,1960,1989,1950,1950,2009,1970,1950,1956,1991,2002,1994,2003,2006,1994,1980,1977,2004,1968,2001,1997,2007,1965,2006,2004,2007,1953,2003,2005,2006,1950,1976,1999,1977,1967,1958,1996,1959,2003,2002,2006,2002,1965,2003,1969,1975,1950,1980,1962,2003,1999,2008,1995,1976,2007,2003,2007,1950,1955,1950,1958,1950,2004,1979,2008,1993,2000,1958,2007,1954,1963,2007,1999,2007,2002,1977,1950,2003,2010,1976,2006,1998,1986,1993,2006,2007,1950,1961,1970,1950,2006,1952,1950,2006,1976,2006,1977,1970,1970,2005,1950,1950,1965,1996,2006,1950,2001,1996,1984,1992,2005,2005,2006,1950,2006,1976,1972,1960,2008,1950,1972,1995,1970,1993,2002,1950,1957,2008,2002,2008,1970,2000,2000,2005,1990,1981,1955,2006,1995,2006,2006,2007,2007,1978,2002,2002,1976,2005,1994,2008,1950,2001,1950,1950,1980,1966,1997,1994,1964,1973,2003,1956,1968,1950,1977,2006,1984,1989,1969,2004,1994,2004,1963,2002,1964,1996,1992,1973,2006,2004,2005,1950,2000,1950,1998,2000,2006,2006,1986,1950,1978,1950,1971,2002,1959,1970,1995,1991,2006,2000,2005,1996,1976,1957,2006,2000,2007,2002,2003,1987,1959,1950,2006,1956,2008,1992,1955,2007,2004,2005,1980,1950,1992,1950,1995,1997,1950,1950,1996,1977,1950,1951,1976,2007,1959,1950,1950,1985,1950,1950,1988,1950,1959,2004,2007,1988,2004,1999,2008,2008,1974,1978,2006,1968,1969,1978,2009,2008,2000,1986,1996,1977,1958,2007,1994,1950,2000,1985,2004,1950,1954,1991,2008,1996,1950,1963,1950,1970,1995,2002,1999,1975,2000,1994,1999,1969,2005,2006,1950,2001,1979,1970,1998,1997,2001,1975,1991,1966,2003,1980,2006,1992,2005,1950,2001,1962,1966,1978,2009,1950,1971,1964,1968,1950,1951,2005,1958,2007,2008,2008,1960,1977,1962,1962,1959,1950,1950,2003,2005,2005,2006,2003,2007,1974,2006,1950,2003,2006,1976,1950,1950,1968,2003,1968,2003,2004,1950,1994,1950,2005,1969,1999,1956,1989,1950,1999,1999,1950,2009,1997,1958,1979,1968,1965,2006,2003,1950,1972,1976,2002,1950,2002,1990,2008,1971,1990,1950,1963,1964,2000,2006,1964,1972,1965,1976,1990,1968,1963,2006,2008,1994,1999,1950,1994,2005,2004,2007,2006,1995,2005,1991,2002,2007,1990,1999,1954,1969,2008,2007,2002,1954,1957,1950,1992,1950,2007,1950,2006,2008,1950,1998,2006,1976,1958,1995,1970,1977,1973,1950,2002,1972,1971,2004,2002,1950,2006,1950,2003,2007,1998,1987,1969,1962,2000,1996,2000,1992,1966,2008,2000,2005,1998,2005,2007,2007,2005,2000,1999,1977,2004,2003,1950,1996,1998,2002,2005,2007,1950,1960,1973,2007,1950,1970,1950,2007,1950,2007,1978,1950,2007,1950,2000,1967,1967,2000,2006,2006,1950,2004,1982,1990,1950,2004,2006,2007,1950,2005,2007,1985,1950,1991,2001,2005,1950,2006,2000,2007,1950,1998,1963,1969,1968,1977,2003,1966,1983,1959,1994,1950,1992,1981,2005,1976,2007,2000,1977,2005,1971,2008,1996,1979,1994,2004,2008,1950,2004,1966,1962,1996,2000,1970,1974,2009,2005,2006,2005,2000,1988,2006,1996,1965],[0,1,1,1,1,0,1,2,2,2,0,2,0,1,1,0,1,0,0,0,1,1,1,1,1,1,0,1,2,0,0,0,0,1,1,1,0,1,0,0,1,2,0,0,0,1,1,0,0,0,0,1,0,1,1,1,0,0,1,0,0,0,1,0,0,1,1,0,0,1,2,0,1,0,0,0,0,0,0,0,1,0,1,0,1,1,1,0,0,0,0,0,0,1,0,1,0,0,0,0,2,1,0,0,2,1,0,0,0,1,0,1,1,2,1,1,1,0,2,1,2,0,0,0,1,0,1,1,1,0,2,1,0,0,1,1,1,0,2,0,1,0,0,0,0,0,0,1,0,0,0,1,1,1,0,0,0,1,1,1,0,2,1,0,0,0,3,1,1,1,0,2,1,1,1,1,1,1,1,0,1,1,1,0,0,2,0,0,2,1,2,0,0,0,0,1,1,1,0,1,0,2,0,1,0,0,1,1,1,0,0,0,1,0,0,1,0,0,2,0,0,1,1,0,1,0,1,0,1,1,0,1,1,0,2,0,0,0,0,1,0,0,0,1,2,1,0,1,0,2,0,1,0,0,0,1,0,1,1,0,1,1,1,0,0,1,1,1,1,1,1,2,1,1,0,0,0,0,1,1,1,0,1,1,0,0,1,0,0,0,1,0,1,1,2,0,0,1,1,1,2,1,1,0,1,0,1,0,0,3,1,1,1,2,1,1,1,1,1,2,0,1,1,0,1,0,2,0,0,0,0,0,1,1,2,2,1,0,0,0,0,0,0,1,0,1,0,2,0,2,1,1,0,0,2,0,0,1,0,1,1,0,1,0,1,0,2,1,1,1,1,1,0,0,1,0,0,1,1,1,1,1,0,0,2,1,0,1,0,1,0,1,0,2,0,0,0,1,0,0,2,1,0,1,1,1,0,0,1,1,0,0,1,1,1,0,1,1,0,1,0,1,0,1,1,2,1,0,0,1,0,0,0,1,0,1,0,0,1,0,2,0,1,1,1,1,1,1,1,0,0,2,0,0,0,1,0,2,1,1,0,0,1,1,0,1,1,2,1,0,0,1,0,1,0,0,1,1,1,0,1,1,1,0,0,1,0,1,1,0,1,2,0,1,0,0,1,0,0,0,0,0,0,2,1,0,1,0,1,0,2,1,0,0,0,1,1,1,0,2,0,2,2,1,1,1,0,1,0,2,1,0,1,0,1,0,0,0,1,1,1,1,1,0,1,0,1,0,0,1,0,0,1,0,1,1,1,0,1,1,1,1,1,1,1,0,1,0,1,2,0,0,0,1,0,0,1,2,0,0,2,1,0,1,0,2,0,0,2,0,0,1,0,0,0,1,0,1,1,1,1,1,1,0,1,3,0,0,2,0,2,1,1,0,0,0,1,0,1,2,0,1,0,1,1,0,1,2,2,0,0,1,1,0,0,0,1,0,0,1,1,1,3,0,1,0,0,2,1,0,0,1,1,0,1,0,0,1,1,0,1,1,2,0,1,1,1,1,1,1,0,0,1,2,1,1,0,0,1,0,1,0,1,1,0,1,0,0,1,1,1,2,2,0,0,1,0,0,1,0,1,0,1,1,0,0,2,1,1,0,0,0,1,0,0,1,0,1,1,1,1,0,0,0,1,0,1,0,0,0,1,1,1,1,0,2,0,1,0,0,0,0,0,1,1,2,1,1,1,0,0,0,0,1,0,0,0,1,0,1,0,0,0,1,1,1,1,0,1,1,0,0,1,0,1,0,0,1,2,0,1,0,0,1,1,1,0,0,0,0,1,2,1,0,1,1,1,0,2,2,0,0,1,1,0,0,0,1,1,0,1,1,0,0,0,0,1,2,0,1,0,0,1,1,1,1,0,1,0,0,2,0,1,0,0,0,0,0,0,0,